1   -0.04606    -0.00517    0.00000
2   4.96487    0.02236    0.00000
3   0.05434    5.00243    0.00000
4   4.94182    5.00371    0.00000
5   0.25096    -0.05414    0.00000
6   0.64835    0.05380    0.00000
7   0.94087    0.01924    0.00000
8   1.27515    0.03277    0.00000
9   1.50593    -0.02147    0.00000
10   1.90705    -0.01683    0.00000
11   2.24782    0.03167    0.00000
12   2.44659    0.04809    0.00000
13   2.80455    -0.00278    0.00000
14   3.09686    -0.04169    0.00000
15   3.48721    -0.05493    0.00000
16   3.75057    -0.02262    0.00000
17   4.06175    -0.05116    0.00000
18   4.32172    -0.01448    0.00000
19   4.73923    -0.00444    0.00000
20   4.94376    0.34628    0.00000
21   4.95317    0.64856    0.00000
22   5.01619    0.96568    0.00000
23   5.04857    1.22579    0.00000
24   5.00166    1.60575    0.00000
25   5.04269    1.86442    0.00000
26   4.99599    2.14729    0.00000
27   5.00896    2.44163    0.00000
28   4.99981    2.84354    0.00000
29   5.04884    3.16775    0.00000
30   4.96409    3.39130    0.00000
31   4.97182    3.73929    0.00000
32   5.02623    4.02999    0.00000
33   4.97719    4.39401    0.00000
34   5.02267    4.67347    0.00000
35   4.64344    5.04320    0.00000
36   4.43193    4.95602    0.00000
37   4.05110    5.00811    0.00000
38   3.74856    5.05764    0.00000
39   3.39997    5.01616    0.00000
40   3.14391    5.03788    0.00000
41   2.80955    4.96291    0.00000
42   2.55021    4.95525    0.00000
43   2.17629    5.04821    0.00000
44   1.83277    4.98317    0.00000
45   1.51689    4.99441    0.00000
46   1.24404    5.05396    0.00000
47   0.90191    5.05112    0.00000
48   0.67011    5.00074    0.00000
49   0.35220    4.99528    0.00000
50   0.01659    4.72809    0.00000
51   0.02528    4.43180    0.00000
52   -0.02634    4.06430    0.00000
53   -0.01075    3.79707    0.00000
54   0.02872    3.46446    0.00000
55   0.02582    3.06489    0.00000
56   0.00312    2.75815    0.00000
57   -0.00138    2.52276    0.00000
58   0.05208    2.23625    0.00000
59   -0.04510    1.93617    0.00000
60   -0.00675    1.56433    0.00000
61   -0.00753    1.28833    0.00000
62   -0.03606    0.89420    0.00000
63   0.01454    0.56261    0.00000
64   0.02842    0.30222    0.00000
65   4.71007    4.72955    0.00000
66   4.41609    4.32272    0.00000
67   4.07870    4.02669    0.00000
68   3.73610    3.80594    0.00000
69   3.40865    3.41050    0.00000
70   3.16048    3.09777    0.00000
71   2.75141    2.87290    0.00000
72   2.53997    2.48727    0.00000
73   2.14711    2.14472    0.00000
74   1.84465    1.82520    0.00000
75   1.57934    1.59935    0.00000
76   1.28162    1.26668    0.00000
77   0.94978    0.91485    0.00000
78   0.57718    0.62827    0.00000
79   0.32350    0.33787    0.00000
80   0.27021    4.73253    0.00000
81   0.31960    4.35200    0.00000
82   0.31607    4.07351    0.00000
83   0.30386    3.73378    0.00000
84   0.30586    3.42348    0.00000
85   0.25978    3.09424    0.00000
86   0.33453    2.84108    0.00000
87   0.36809    2.55502    0.00000
88   0.30755    2.20767    0.00000
89   0.32570    1.83130    0.00000
90   0.29298    1.56535    0.00000
91   0.25187    1.26787    0.00000
92   0.36473    0.99626    0.00000
93   0.35550    0.61947    0.00000
94   0.56526    4.71337    0.00000
95   0.61708    4.40646    0.00000
96   0.64946    4.09423    0.00000
97   0.56303    3.69749    0.00000
98   0.67541    3.46833    0.00000
99   0.56329    3.12731    0.00000
100   0.63050    2.77698    0.00000
101   0.64086    2.52617    0.00000
102   0.59754    2.17149    0.00000
103   0.60127    1.82547    0.00000
104   0.65949    1.50691    0.00000
105   0.58253    1.22463    0.00000
106   0.62223    0.94000    0.00000
107   0.58129    0.35421    0.00000
108   0.94722    4.66640    0.00000
109   0.99836    4.31271    0.00000
110   0.87867    4.06121    0.00000
111   0.96737    3.75453    0.00000
112   0.89031    3.39853    0.00000
113   0.95177    3.07824    0.00000
114   0.99425    2.85476    0.00000
115   0.90738    2.49054    0.00000
116   0.98724    2.22008    0.00000
117   0.93148    1.89569    0.00000
118   0.90120    1.56837    0.00000
119   0.89700    1.24149    0.00000
120   0.96093    0.66703    0.00000
121   0.99667    0.26004    0.00000
122   1.28368    4.65627    0.00000
123   1.28364    4.40616    0.00000
124   1.27271    4.00455    0.00000
125   1.21521    3.76908    0.00000
126   1.23393    3.40421    0.00000
127   1.20824    3.08247    0.00000
128   1.27025    2.86864    0.00000
129   1.26513    2.43974    0.00000
130   1.27773    2.13171    0.00000
131   1.25240    1.82067    0.00000
132   1.30965    1.54113    0.00000
133   1.28041    0.89642    0.00000
134   1.30497    0.59437    0.00000
135   1.20298    0.27001    0.00000
136   1.51315    4.67107    0.00000
137   1.54090    4.38460    0.00000
138   1.59478    4.08747    0.00000
139   1.61691    3.73276    0.00000
140   1.55688    3.40505    0.00000
141   1.55270    3.09872    0.00000
142   1.52705    2.81593    0.00000
143   1.60796    2.52645    0.00000
144   1.54785    2.18247    0.00000
145   1.59942    1.81290    0.00000
146   1.58309    1.21085    0.00000
147   1.51675    0.99326    0.00000
148   1.57575    0.60594    0.00000
149   1.56371    0.35429    0.00000
150   1.85368    4.70397    0.00000
151   1.81768    4.40838    0.00000
152   1.87741    4.02756    0.00000
153   1.82362    3.77581    0.00000
154   1.84522    3.42230    0.00000
155   1.84158    3.12119    0.00000
156   1.93465    2.75428    0.00000
157   1.81645    2.51145    0.00000
158   1.85370    2.19207    0.00000
159   1.86295    1.62086    0.00000
160   1.92094    1.20605    0.00000
161   1.89244    0.99149    0.00000
162   1.91443    0.63410    0.00000
163   1.93066    0.26943    0.00000
164   2.16795    4.63707    0.00000
165   2.12780    4.41961    0.00000
166   2.20932    4.08731    0.00000
167   2.14900    3.73073    0.00000
168   2.14259    3.40271    0.00000
169   2.19825    3.06579    0.00000
170   2.22029    2.75967    0.00000
171   2.24069    2.49131    0.00000
172   2.22891    1.88770    0.00000
173   2.18992    1.52018    0.00000
174   2.19679    1.25393    0.00000
175   2.20838    0.94359    0.00000
176   2.20850    0.63395    0.00000
177   2.18016    0.31278    0.00000
178   2.44146    4.69026    0.00000
179   2.44188    4.32590    0.00000
180   2.50648    4.07639    0.00000
181   2.53400    3.74834    0.00000
182   2.52462    3.43586    0.00000
183   2.52631    3.09708    0.00000
184   2.47251    2.81631    0.00000
185   2.46693    2.19968    0.00000
186   2.55253    1.91515    0.00000
187   2.46628    1.61244    0.00000
188   2.51894    1.30449    0.00000
189   2.54485    0.99405    0.00000
190   2.45287    0.65031    0.00000
191   2.45097    0.26248    0.00000
192   2.79307    4.71970    0.00000
193   2.79134    4.38415    0.00000
194   2.77531    4.12179    0.00000
195   2.81148    3.78811    0.00000
196   2.76995    3.39366    0.00000
197   2.79758    3.11552    0.00000
198   2.83141    2.44502    0.00000
199   2.86221    2.23765    0.00000
200   2.77135    1.81643    0.00000
201   2.81528    1.53465    0.00000
202   2.82336    1.28899    0.00000
203   2.86748    0.94748    0.00000
204   2.86010    0.58619    0.00000
205   2.83986    0.25911    0.00000
206   3.17238    4.63623    0.00000
207   3.11460    4.39684    0.00000
208   3.16413    4.09617    0.00000
209   3.17457    3.74831    0.00000
210   3.10969    3.46095    0.00000
211   3.07210    2.80971    0.00000
212   3.09225    2.55949    0.00000
213   3.14765    2.17030    0.00000
214   3.16178    1.82169    0.00000
215   3.12298    1.56246    0.00000
216   3.17911    1.20577    0.00000
217   3.07254    0.92602    0.00000
218   3.18289    0.58726    0.00000
219   3.08704    0.32196    0.00000
220   3.44821    4.67103    0.00000
221   3.45002    4.33110    0.00000
222   3.49943    4.05034    0.00000
223   3.47744    3.73428    0.00000
224   3.43497    3.14331    0.00000
225   3.47488    2.79471    0.00000
226   3.41679    2.45561    0.00000
227   3.45836    2.16434    0.00000
228   3.45028    1.92760    0.00000
229   3.43957    1.53302    0.00000
230   3.47921    1.26683    0.00000
231   3.43226    0.89448    0.00000
232   3.45825    0.66186    0.00000
233   3.41108    0.29008    0.00000
234   3.77739    4.65399    0.00000
235   3.73417    4.32173    0.00000
236   3.75827    4.05282    0.00000
237   3.72413    3.41969    0.00000
238   3.76118    3.12038    0.00000
239   3.80556    2.75631    0.00000
240   3.76199    2.54552    0.00000
241   3.70057    2.22917    0.00000
242   3.76982    1.81486    0.00000
243   3.71183    1.56538    0.00000
244   3.77747    1.29214    0.00000
245   3.76999    0.95538    0.00000
246   3.75436    0.60293    0.00000
247   3.74280    0.28458    0.00000
248   4.01465    4.72955    0.00000
249   4.04162    4.37949    0.00000
250   4.11624    3.71790    0.00000
251   4.07459    3.40587    0.00000
252   4.02452    3.16700    0.00000
253   4.07791    2.83396    0.00000
254   4.10891    2.45195    0.00000
255   4.08451    2.18182    0.00000
256   4.00403    1.91939    0.00000
257   4.08268    1.50749    0.00000
258   4.03494    1.20955    0.00000
259   4.11216    0.94927    0.00000
260   4.08637    0.63367    0.00000
261   4.05431    0.27539    0.00000
262   4.34656    4.65554    0.00000
263   4.37212    4.12018    0.00000
264   4.33968    3.78531    0.00000
265   4.43251    3.44668    0.00000
266   4.32863    3.12523    0.00000
267   4.37563    2.76480    0.00000
268   4.39611    2.48584    0.00000
269   4.41639    2.14043    0.00000
270   4.39351    1.91859    0.00000
271   4.32570    1.54512    0.00000
272   4.40240    1.26012    0.00000
273   4.33214    0.89614    0.00000
274   4.39642    0.67331    0.00000
275   4.35523    0.33746    0.00000
276   4.72400    4.34778    0.00000
277   4.64625    4.00915    0.00000
278   4.71877    3.70808    0.00000
279   4.72165    3.42924    0.00000
280   4.74117    3.09579    0.00000
281   4.72410    2.77674    0.00000
282   4.67258    2.55357    0.00000
283   4.70207    2.16954    0.00000
284   4.64974    1.91139    0.00000
285   4.62728    1.51432    0.00000
286   4.70683    1.23530    0.00000
287   4.66641    0.98930    0.00000
288   4.67418    0.66644    0.00000
289   4.64120    0.36776    0.00000