1 3 3 50 49
2 3 80 49 50
3 3 50 51 80
4 3 81 80 51
5 3 51 52 81
6 3 82 81 52
7 3 52 53 82
8 3 83 82 53
9 3 53 54 83
10 3 84 83 54
11 3 54 55 84
12 3 85 84 55
13 3 55 56 85
14 3 86 85 56
15 3 56 57 86
16 3 87 86 57
17 3 57 58 87
18 3 88 87 58
19 3 58 59 88
20 3 89 88 59
21 3 59 60 89
22 3 90 89 60
23 3 60 61 90
24 3 91 90 61
25 3 61 62 91
26 3 92 91 62
27 3 62 63 92
28 3 93 92 63
29 3 63 64 93
30 3 79 93 64
31 3 64 1 79
32 3 5 79 1
33 3 49 80 48
34 3 94 48 80
35 3 80 81 94
36 3 95 94 81
37 3 81 82 95
38 3 96 95 82
39 3 82 83 96
40 3 97 96 83
41 3 83 84 97
42 3 98 97 84
43 3 84 85 98
44 3 99 98 85
45 3 85 86 99
46 3 100 99 86
47 3 86 87 100
48 3 101 100 87
49 3 87 88 101
50 3 102 101 88
51 3 88 89 102
52 3 103 102 89
53 3 89 90 103
54 3 104 103 90
55 3 90 91 104
56 3 105 104 91
57 3 91 92 105
58 3 106 105 92
59 3 92 93 106
60 3 78 106 93
61 3 93 79 78
62 3 107 78 79
63 3 79 5 107
64 3 6 107 5
65 3 48 94 47
66 3 108 47 94
67 3 94 95 108
68 3 109 108 95
69 3 95 96 109
70 3 110 109 96
71 3 96 97 110
72 3 111 110 97
73 3 97 98 111
74 3 112 111 98
75 3 98 99 112
76 3 113 112 99
77 3 99 100 113
78 3 114 113 100
79 3 100 101 114
80 3 115 114 101
81 3 101 102 115
82 3 116 115 102
83 3 102 103 116
84 3 117 116 103
85 3 103 104 117
86 3 118 117 104
87 3 104 105 118
88 3 119 118 105
89 3 105 106 119
90 3 77 119 106
91 3 106 78 77
92 3 120 77 78
93 3 78 107 120
94 3 121 120 107
95 3 107 6 121
96 3 7 121 6
97 3 47 108 46
98 3 122 46 108
99 3 108 109 122
100 3 123 122 109
101 3 109 110 123
102 3 124 123 110
103 3 110 111 124
104 3 125 124 111
105 3 111 112 125
106 3 126 125 112
107 3 112 113 126
108 3 127 126 113
109 3 113 114 127
110 3 128 127 114
111 3 114 115 128
112 3 129 128 115
113 3 115 116 129
114 3 130 129 116
115 3 116 117 130
116 3 131 130 117
117 3 117 118 131
118 3 132 131 118
119 3 118 119 132
120 3 76 132 119
121 3 119 77 76
122 3 133 76 77
123 3 77 120 133
124 3 134 133 120
125 3 120 121 134
126 3 135 134 121
127 3 121 7 135
128 3 8 135 7
129 3 46 122 45
130 3 136 45 122
131 3 122 123 136
132 3 137 136 123
133 3 123 124 137
134 3 138 137 124
135 3 124 125 138
136 3 139 138 125
137 3 125 126 139
138 3 140 139 126
139 3 126 127 140
140 3 141 140 127
141 3 127 128 141
142 3 142 141 128
143 3 128 129 142
144 3 143 142 129
145 3 129 130 143
146 3 144 143 130
147 3 130 131 144
148 3 145 144 131
149 3 131 132 145
150 3 75 145 132
151 3 132 76 75
152 3 146 75 76
153 3 76 133 146
154 3 147 146 133
155 3 133 134 147
156 3 148 147 134
157 3 134 135 148
158 3 149 148 135
159 3 135 8 149
160 3 9 149 8
161 3 45 136 44
162 3 150 44 136
163 3 136 137 150
164 3 151 150 137
165 3 137 138 151
166 3 152 151 138
167 3 138 139 152
168 3 153 152 139
169 3 139 140 153
170 3 154 153 140
171 3 140 141 154
172 3 155 154 141
173 3 141 142 155
174 3 156 155 142
175 3 142 143 156
176 3 157 156 143
177 3 143 144 157
178 3 158 157 144
179 3 144 145 158
180 3 74 158 145
181 3 145 75 74
182 3 159 74 75
183 3 75 146 159
184 3 160 159 146
185 3 146 147 160
186 3 161 160 147
187 3 147 148 161
188 3 162 161 148
189 3 148 149 162
190 3 163 162 149
191 3 149 9 163
192 3 10 163 9
193 3 44 150 43
194 3 164 43 150
195 3 150 151 164
196 3 165 164 151
197 3 151 152 165
198 3 166 165 152
199 3 152 153 166
200 3 167 166 153
201 3 153 154 167
202 3 168 167 154
203 3 154 155 168
204 3 169 168 155
205 3 155 156 169
206 3 170 169 156
207 3 156 157 170
208 3 171 170 157
209 3 157 158 171
210 3 73 171 158
211 3 158 74 73
212 3 172 73 74
213 3 74 159 172
214 3 173 172 159
215 3 159 160 173
216 3 174 173 160
217 3 160 161 174
218 3 175 174 161
219 3 161 162 175
220 3 176 175 162
221 3 162 163 176
222 3 177 176 163
223 3 163 10 177
224 3 11 177 10
225 3 43 164 42
226 3 178 42 164
227 3 164 165 178
228 3 179 178 165
229 3 165 166 179
230 3 180 179 166
231 3 166 167 180
232 3 181 180 167
233 3 167 168 181
234 3 182 181 168
235 3 168 169 182
236 3 183 182 169
237 3 169 170 183
238 3 184 183 170
239 3 170 171 184
240 3 72 184 171
241 3 171 73 72
242 3 185 72 73
243 3 73 172 185
244 3 186 185 172
245 3 172 173 186
246 3 187 186 173
247 3 173 174 187
248 3 188 187 174
249 3 174 175 188
250 3 189 188 175
251 3 175 176 189
252 3 190 189 176
253 3 176 177 190
254 3 191 190 177
255 3 177 11 191
256 3 12 191 11
257 3 42 178 41
258 3 192 41 178
259 3 178 179 192
260 3 193 192 179
261 3 179 180 193
262 3 194 193 180
263 3 180 181 194
264 3 195 194 181
265 3 181 182 195
266 3 196 195 182
267 3 182 183 196
268 3 197 196 183
269 3 183 184 197
270 3 71 197 184
271 3 184 72 71
272 3 198 71 72
273 3 72 185 198
274 3 199 198 185
275 3 185 186 199
276 3 200 199 186
277 3 186 187 200
278 3 201 200 187
279 3 187 188 201
280 3 202 201 188
281 3 188 189 202
282 3 203 202 189
283 3 189 190 203
284 3 204 203 190
285 3 190 191 204
286 3 205 204 191
287 3 191 12 205
288 3 13 205 12
289 3 41 192 40
290 3 206 40 192
291 3 192 193 206
292 3 207 206 193
293 3 193 194 207
294 3 208 207 194
295 3 194 195 208
296 3 209 208 195
297 3 195 196 209
298 3 210 209 196
299 3 196 197 210
300 3 70 210 197
301 3 197 71 70
302 3 211 70 71
303 3 71 198 211
304 3 212 211 198
305 3 198 199 212
306 3 213 212 199
307 3 199 200 213
308 3 214 213 200
309 3 200 201 214
310 3 215 214 201
311 3 201 202 215
312 3 216 215 202
313 3 202 203 216
314 3 217 216 203
315 3 203 204 217
316 3 218 217 204
317 3 204 205 218
318 3 219 218 205
319 3 205 13 219
320 3 14 219 13
321 3 40 206 39
322 3 220 39 206
323 3 206 207 220
324 3 221 220 207
325 3 207 208 221
326 3 222 221 208
327 3 208 209 222
328 3 223 222 209
329 3 209 210 223
330 3 69 223 210
331 3 210 70 69
332 3 224 69 70
333 3 70 211 224
334 3 225 224 211
335 3 211 212 225
336 3 226 225 212
337 3 212 213 226
338 3 227 226 213
339 3 213 214 227
340 3 228 227 214
341 3 214 215 228
342 3 229 228 215
343 3 215 216 229
344 3 230 229 216
345 3 216 217 230
346 3 231 230 217
347 3 217 218 231
348 3 232 231 218
349 3 218 219 232
350 3 233 232 219
351 3 219 14 233
352 3 15 233 14
353 3 39 220 38
354 3 234 38 220
355 3 220 221 234
356 3 235 234 221
357 3 221 222 235
358 3 236 235 222
359 3 222 223 236
360 3 68 236 223
361 3 223 69 68
362 3 237 68 69
363 3 69 224 237
364 3 238 237 224
365 3 224 225 238
366 3 239 238 225
367 3 225 226 239
368 3 240 239 226
369 3 226 227 240
370 3 241 240 227
371 3 227 228 241
372 3 242 241 228
373 3 228 229 242
374 3 243 242 229
375 3 229 230 243
376 3 244 243 230
377 3 230 231 244
378 3 245 244 231
379 3 231 232 245
380 3 246 245 232
381 3 232 233 246
382 3 247 246 233
383 3 233 15 247
384 3 16 247 15
385 3 38 234 37
386 3 248 37 234
387 3 234 235 248
388 3 249 248 235
389 3 235 236 249
390 3 67 249 236
391 3 236 68 67
392 3 250 67 68
393 3 68 237 250
394 3 251 250 237
395 3 237 238 251
396 3 252 251 238
397 3 238 239 252
398 3 253 252 239
399 3 239 240 253
400 3 254 253 240
401 3 240 241 254
402 3 255 254 241
403 3 241 242 255
404 3 256 255 242
405 3 242 243 256
406 3 257 256 243
407 3 243 244 257
408 3 258 257 244
409 3 244 245 258
410 3 259 258 245
411 3 245 246 259
412 3 260 259 246
413 3 246 247 260
414 3 261 260 247
415 3 247 16 261
416 3 17 261 16
417 3 37 248 36
418 3 262 36 248
419 3 248 249 262
420 3 66 262 249
421 3 249 67 66
422 3 263 66 67
423 3 67 250 263
424 3 264 263 250
425 3 250 251 264
426 3 265 264 251
427 3 251 252 265
428 3 266 265 252
429 3 252 253 266
430 3 267 266 253
431 3 253 254 267
432 3 268 267 254
433 3 254 255 268
434 3 269 268 255
435 3 255 256 269
436 3 270 269 256
437 3 256 257 270
438 3 271 270 257
439 3 257 258 271
440 3 272 271 258
441 3 258 259 272
442 3 273 272 259
443 3 259 260 273
444 3 274 273 260
445 3 260 261 274
446 3 275 274 261
447 3 261 17 275
448 3 18 275 17
449 3 36 262 35
450 3 65 35 262
451 3 262 66 65
452 3 276 65 66
453 3 66 263 276
454 3 277 276 263
455 3 263 264 277
456 3 278 277 264
457 3 264 265 278
458 3 279 278 265
459 3 265 266 279
460 3 280 279 266
461 3 266 267 280
462 3 281 280 267
463 3 267 268 281
464 3 282 281 268
465 3 268 269 282
466 3 283 282 269
467 3 269 270 283
468 3 284 283 270
469 3 270 271 284
470 3 285 284 271
471 3 271 272 285
472 3 286 285 272
473 3 272 273 286
474 3 287 286 273
475 3 273 274 287
476 3 288 287 274
477 3 274 275 288
478 3 289 288 275
479 3 275 18 289
480 3 19 289 18
481 3 35 65 4
482 3 34 4 65
483 3 65 276 34
484 3 33 34 276
485 3 276 277 33
486 3 32 33 277
487 3 277 278 32
488 3 31 32 278
489 3 278 279 31
490 3 30 31 279
491 3 279 280 30
492 3 29 30 280
493 3 280 281 29
494 3 28 29 281
495 3 281 282 28
496 3 27 28 282
497 3 282 283 27
498 3 26 27 283
499 3 283 284 26
500 3 25 26 284
501 3 284 285 25
502 3 24 25 285
503 3 285 286 24
504 3 23 24 286
505 3 286 287 23
506 3 22 23 287
507 3 287 288 22
508 3 21 22 288
509 3 288 289 21
510 3 20 21 289
511 3 289 19 20
512 3 2 20 19
